0.785398 0.000000 -6.936718
0.768056 -0.346836 -6.815385
0.733676 -0.687605 -6.568820
0.682874 -1.016046 -6.190355
0.616596 -1.325564 -5.672741
0.536136 -1.609201 -5.011121
0.443148 -1.859757 -4.206383
0.339644 -2.070076 -3.268215
0.227970 -2.233487 -2.217061
0.110753 -2.344340 -1.084263
-0.009175 -2.398553 0.090006
-0.128878 -2.394053 1.260794
-0.245428 -2.331013 2.383554
-0.356020 -2.211835 3.419243
-0.458064 -2.040873 4.338103
-0.549262 -1.823968 5.121390
-0.627657 -1.567899 5.760923
-0.691650 -1.279852 6.256903
-0.740000 -0.967007 6.614765
-0.771814 -0.636269 6.841848
-0.786522 -0.294177 6.944512
-0.783870 0.053049 6.926109
-0.763902 0.399354 6.786015
-0.726969 0.738655 6.519807
-0.673737 1.064646 6.120566
-0.605203 1.370674 5.581198
-0.522717 1.649734 4.897505
-0.427986 1.894609 4.071539
-0.323077 2.098186 3.114537
-0.210381 2.253913 2.048651
-0.092564 2.356345 0.906758
0.027520 2.401683 -0.269937
0.146929 2.388186 -1.436196
0.262748 2.316377 -2.548004
0.372197 2.188976 -3.567533
0.472727 2.010600 -4.466649
0.562090 1.787267 -5.228299
0.638383 1.525852 -5.845756
0.700061 1.233565 -6.320235
0.745939 0.917553 -6.657671
0.775172 0.584669 -6.865422
0.787242 0.241398 -6.949497
0.781938 -0.106077 -6.912676
0.759353 -0.451710 -6.753716
0.719883 -0.789396 -6.467701
0.664244 -1.112781 -6.047512
0.593486 -1.415157 -5.486286
0.509013 -1.689471 -4.780562
0.412588 -1.928499 -3.933625
0.306329 -2.125181 -2.958305
0.192674 -2.273096 -1.878457
0.074323 -2.367019 -0.728436
-0.045849 -2.403440 0.449623
-0.164897 -2.380959 1.610320
-0.279919 -2.300443 2.710288
-0.388166 -2.164929 3.712999
-0.487130 -1.979279 4.591977
-0.574614 -1.749680 5.331839
-0.648768 -1.483088 5.927254
-0.708104 -1.186725 6.380375
-0.751490 -0.867707 6.697562
-0.778131 -0.532829 6.886126
-0.787557 -0.188522 6.951678
-0.779604 0.159062 6.896410
-0.754410 0.503882 6.718466
-0.712420 0.839805 6.412473
-0.654398 1.160429 5.971170
-0.581449 1.458988 5.387999
-0.495030 1.728388 4.660316
-0.396959 1.961403 3.792703
-0.289408 2.151038 2.799621
-0.174857 2.291020 1.706615
-0.056039 2.376350 0.549455
0.064152 2.403823 -0.628901
0.182771 2.372378 -1.783018
0.296932 2.283227 -2.870290
0.403918 2.139713 -3.855566
0.501265 1.946934 -4.714049
0.586826 1.711232 -5.432004
0.658808 1.439632 -6.005434
0.715776 1.139360 -6.437352
0.756651 0.817492 -6.734465
0.780689 0.480769 -6.903974
0.787467 0.135570 -6.951057
0.776868 -0.211982 -6.877297
0.749076 -0.555847 -6.680241
0.704583 -0.889859 -6.354096
0.644205 -1.207564 -5.891521
0.569098 -1.502140 -5.286337
0.480775 -1.766457 -4.536796
0.381110 -1.993297 -3.648841
0.272323 -2.175739 -2.638593
0.156940 -2.307669 -1.533267
0.037723 -2.384332 -0.369976
-0.082418 -2.402831 0.807609
-0.200541 -2.362450 1.954146
-0.313778 -2.264743 3.027900
-0.419445 -2.113348 3.995162
-0.515125 -1.913590 4.832834
-0.598722 -1.671948 5.528794
-0.668498 -1.395508 6.080315
-0.723072 -1.091493 6.491193
-0.761419 -0.766933 6.768403
-0.782845 -0.428513 6.918982
-0.786973 -0.082564 6.947632
-0.773732 0.264818 6.855323
-0.743353 0.607584 6.639016
-0.696376 0.939535 6.292544
-0.633668 1.254162 5.808546
-0.556439 1.544589 5.181302
-0.466256 1.803654 4.410036
-0.365048 2.024156 3.502113
-0.255085 2.199262 2.475334
-0.138934 2.323028 1.358557
-0.019386 2.390956 0.190162
0.100638 2.400464 -0.985589
0.218197 2.351185 -2.123566
0.330447 2.245007 -3.183011
0.434740 2.085856 -4.131722
0.528703 1.879270 -4.948303
0.610296 1.631855 -5.622211
0.677833 1.350744 -6.151918
0.729991 1.043148 -6.541924
0.765793 0.716052 -6.799400
0.784598 0.376082 -6.931161
0.786074 0.029524 -6.941402
0.770196 -0.317546 -6.830470
0.737243 -0.659069 -6.594766
0.687803 -0.988808 -6.227789
0.622793 -1.300197 -5.722230
0.543477 -1.586309 -5.072901
0.451480 -1.839954 -4.280077
0.348782 -2.053958 -3.352598
0.237702 -2.221588 -2.309962
0.120848 -2.337086 -1.182636
0.001037 -2.396217 -0.010174
-0.118799 -2.396726 1.162680
-0.235729 -2.338592 2.291142
-0.346931 -2.224035 3.335526
-0.449793 -2.057259 4.265187
-0.541993 -1.843999 5.060437
-0.621542 -1.590978 5.712262
-0.686811 -1.305364 6.220267
-0.736528 -0.994351 6.589573
-0.769772 -0.664872 6.827479
-0.785947 -0.323499 6.940521
-0.784770 0.023528 6.932360
-0.766263 0.370146 6.802720
-0.730749 0.710282 6.547464
-0.678866 1.037655 6.159807
-0.611584 1.345645 5.632558
-0.530220 1.627273 4.961146
-0.436454 1.875330 4.146965
-0.332320 2.082679 3.200383
-0.220185 2.242698 2.142603
-0.102694 2.349828 1.005654
0.017312 2.400111 -0.169822
0.136893 2.391619 -1.338730
0.253127 2.324683 -2.456744
0.363219 2.201846 -3.485350
0.464598 2.027578 -4.395505
0.554988 1.807803 -5.169218
0.632456 1.549342 -5.798957
0.695425 1.259394 -6.285385
0.742682 0.945125 -6.634167
0.773352 0.613417 -6.852658
0.786892 0.270784 -6.947069
0.783063 -0.076570 -6.920501
0.761933 -0.422595 -6.772054
0.723873 -0.761197 -6.497083
0.669571 -1.086052 -6.088572
0.600047 -1.390480 -5.539522
0.516674 -1.667456 -4.846052
0.421186 -1.909759 -4.010752
0.315671 -2.110296 -3.045560
0.202543 -2.262574 -1.973385
0.084480 -2.361244 -0.827767
-0.035651 -2.402632 0.349665
-0.154909 -2.385149 1.513584
-0.270382 -2.309470 2.620248
-0.379305 -2.178457 3.632398
-0.479147 -1.996837 4.522629
-0.567682 -1.770706 5.274633
-0.643031 -1.506974 5.882309
-0.703674 -1.212859 6.347298
-0.748449 -0.895494 6.675732
-0.776534 -0.561707 6.874957
-0.787432 -0.217959 6.950811
-0.780953 0.129581 6.905813
-0.757209 0.474872 6.738449
-0.716620 0.811794 6.443595
-0.659921 1.133974 6.014063
-0.588187 1.434677 5.443114
-0.502845 1.706833 4.727641
-0.405685 1.943215 3.871496
-0.298845 2.136790 2.888228
-0.184785 2.281201 1.802443
-0.066219 2.371323 0.649133
0.053970 2.403780 -0.529189
0.172836 2.377320 -1.687093
0.287484 2.292966 -2.781535
0.395179 2.153889 -3.776587
0.493432 1.965060 -4.646517
0.580068 1.732734 -5.376677
0.653263 1.463900 -5.962333
0.711553 1.165783 -6.406032
0.753827 0.845482 -6.714295
0.779315 0.509767 -6.894393
0.787567 0.165047 -6.951749
0.778440 -0.182540 -6.888286
0.752093 -0.526955 -6.701883
0.708990 -0.862049 -6.386974
0.649920 -1.181397 -5.936257
0.576010 -1.478210 -5.343330
0.488741 -1.745377 -4.605939
0.389957 -1.975674 -3.729261
0.281851 -2.162137 -2.728491
0.166922 -2.298561 -1.629915
0.047920 -2.380057 -0.469911
-0.072258 -2.403553 0.708235
-0.190665 -2.368141 1.859112
-0.304424 -2.275185 2.940489
-0.410832 -2.128161 3.917845
-0.507446 -1.932269 4.767135
-0.592141 -1.693912 5.475345
-0.663149 -1.420145 6.039048
-0.719058 -1.118192 6.461615
-0.758814 -0.795111 6.749880
-0.781695 -0.457617 6.910980
-0.787298 -0.112068 6.949884
-0.775527 0.235426 6.867906
-0.746586 0.578821 6.662330
-0.700989 0.911938 6.327192
-0.639574 1.228297 5.855135
-0.563521 1.521054 5.240172
-0.474368 1.783063 4.480977
-0.374013 2.007111 3.584119
-0.264697 2.186317 2.566459
-0.148965 2.314640 1.455945
-0.029593 2.387438 0.290264
0.090505 2.401951 -0.886639
0.208386 2.357619 -2.029500
0.321193 2.256144 -3.097003
0.426257 2.101294 -4.056102
0.521182 1.898489 -4.884453
0.603895 1.654266 -5.570638
0.672682 1.375734 -6.112473
0.726187 1.070110 -6.514073
0.763408 0.744407 -6.782511
0.783672 0.405281 -6.924732
0.786624 0.059045 -6.945216
0.772213 -0.288216 -6.844657
0.740691 -0.630449 -6.619767
0.692619 -0.961437 -6.264223
0.628886 -1.274649 -5.770680
0.550727 -1.563183 -5.133643
0.459734 -1.819865 -4.352793
0.357859 -2.037504 -3.436144
0.247393 -2.209312 -2.402248
0.130922 -2.329424 -1.280680
0.011249 -2.393458 -0.110352
-0.108700 -2.398976 1.064244
-0.225988 -2.345763 2.198118
-0.337781 -2.235858 3.250975
-0.441446 -2.073309 4.191297
-0.534633 -1.863744 4.998445
-0.615324 -1.613822 5.662562
-0.681859 -1.330694 6.182630
-0.732937 -1.021562 6.563434
-0.767607 -0.693390 6.812212
-0.785246 -0.352780 6.935660
-0.785546 -0.005997 6.937740
-0.768501 0.340890 6.818522
-0.734410 0.681816 6.574167
-0.683884 1.010525 6.198040
-0.617863 1.320427 5.682877
-0.537634 1.604570 5.023753
-0.444846 1.855758 4.221430
-0.341505 2.066830 3.285421
-0.229950 2.231101 2.235979
-0.112805 2.342900 1.104269
0.007101 2.398113 -0.069659
0.126832 2.394630 -1.240893
0.243462 2.332585 -2.364835
0.354179 2.214344 -3.402307
0.456390 2.044228 -4.323372
0.547793 1.828060 -5.109094
0.626424 1.572605 -5.751123
0.690676 1.285049 -6.249543
0.739305 0.972572 -6.609725
0.771409 0.642085 -6.839002
0.786416 0.300135 -6.943771
0.784063 -0.047053 -6.927449
0.764392 -0.393426 -6.789481
0.727747 -0.732900 -6.525502
0.674788 -1.059175 -6.128618
0.606508 -1.365606 -5.591714
0.524248 -1.645191 -4.910515
0.429712 -1.890717 -4.086936
0.324959 -2.095064 -3.132038
0.212376 -2.251666 -2.067779
0.094623 -2.355055 -0.926867
-0.025447 -2.401398 0.249608
-0.144893 -2.388918 1.416431
-0.260798 -2.318096 2.529522
-0.370379 -2.191620 3.550911
-0.471082 -2.014075 4.452279
-0.560655 -1.791461 5.216383
-0.637188 -1.530642 5.836334
-0.699129 -1.238825 6.313236
-0.745287 -0.923163 6.652972
-0.774813 -0.590514 6.862902
-0.787181 -0.247369 6.949074
-0.782177 0.100084 6.914337
-0.759887 0.445801 6.757515
-0.720703 0.783677 6.473747
-0.665335 1.107364 6.055934
-0.594827 1.410161 5.497183
-0.510576 1.685020 4.793947
-0.414340 1.924717 3.949366
-0.308231 2.122186 2.976090
-0.194681 2.270990 1.897780
-0.076387 2.365879 0.748629
0.043778 2.403311 -0.429329
0.162871 2.381844 -1.590707
0.277986 2.302309 -2.692057
0.386371 2.167706 -3.696700
0.485515 1.982871 -4.577973
0.573214 1.753972 -5.320304
0.647611 1.487957 -5.918208
0.707214 1.192047 -6.373736
0.750882 0.873360 -6.693203
0.777817 0.538700 -6.883929
0.787542 0.194503 -6.951572
0.779888 -0.153075 -6.898391
0.754988 -0.497995 -6.722599
0.713282 -0.834125 -6.418873
0.655529 -1.155068 -5.979965
0.582825 -1.454067 -5.399278
0.496624 -1.724031 -4.674073
0.398737 -1.957734 -3.808781
0.291329 -2.148173 -2.817678
0.176876 -2.289057 -1.726117
0.058108 -2.375363 -0.569714
-0.062085 -2.403849 0.608662
-0.180756 -2.373416 1.763573
-0.295018 -2.285237 2.852322
-0.402149 -2.142621 3.839599
-0.499681 -1.950641 4.700415
-0.585462 -1.715620 5.420851
-0.657691 -1.444578 5.996762
-0.714927 -1.144740 6.431070
-0.756087 -0.823186 6.730442
-0.780420 -0.486664 6.902100
-0.787498 -0.141559 6.951268
-0.777198 0.206004 6.879601
-0.749699 0.549984 6.684712
-0.705488 0.884220 6.360853
-0.645374 1.202263 5.900691
-0.570510 1.497297 5.297998
-0.482400 1.762197 4.550921
-0.382912 1.989743 3.665248
-0.274262 2.173006 2.656909
-0.158970 2.305851 1.552932
-0.039795 2.383498 0.390284
0.080356 2.403012 -0.787442
0.198538 2.363640 -1.934886
0.311883 2.266895 -3.010208
0.417702 2.116385 -3.979534
0.513572 1.917408 -4.819572
0.597394 1.676430 -5.518022
0.667420 1.400529 -6.072015
0.722267 1.096928 -6.485263
0.760900 0.772665 -6.764715
0.782621 0.434429 -6.917428
0.787049 0.088558 -6.948160
0.774107 -0.258850 -6.857950
0.744019 -0.601748 -6.643827
0.697322 -0.933939 -6.299661
0.634876 -1.248922 -5.818093
0.557885 -1.539827 -5.193344
0.467910 -1.799494 -4.424525
0.366874 -2.020720 -3.518839
0.257041 -2.196662 -2.493896
0.140973 -2.321357 -1.378369
0.021459 -2.390276 -0.210499
-0.098581 -2.400801 0.965512
-0.216207 -2.352525 2.104505
-0.328572 -2.247300 3.165606
-0.433023 -2.089019 4.116440
-0.527183 -1.883197 4.935418
-0.609004 -1.636427 5.611820
-0.676796 -1.355836 6.143988
-0.729228 -1.048636 6.536344
-0.765319 -0.721819 6.796043
-0.784420 -0.382017 6.929926
-0.786196 -0.035521 6.942247
-0.770616 0.311592 6.833424
-0.737953 0.653263 6.599920
-0.688790 0.983259 6.235270
-0.624039 1.295023 5.732155
-0.544957 1.581630 5.085323
-0.453162 1.835896 4.294926
-0.350630 2.050643 3.369635
-0.239674 2.219125 2.328757
-0.122896 2.335562 1.202577
-0.003111 2.395691 0.030523
0.116749 2.397217 -1.142712
0.233754 2.340082 -2.272296
0.345077 2.226467 -3.318419
0.448104 2.060546 -4.250258
0.540506 1.848033 -5.047930
0.620288 1.595637 -5.702251
0.685814 1.310524 -6.212703
0.735808 0.999889 -6.584340
0.769342 0.670672 -6.824450
0.785814 0.329449 -6.939604
0.784938 -0.017531 -6.933524
0.766727 -0.364207 -6.806003
0.731502 -0.704507 -6.552965
0.679894 -1.032155 -6.167654
0.612867 -1.340538 -5.642863
0.531733 -1.622681 -4.973946
0.438164 -1.871379 -4.162168
0.334190 -2.079487 -3.217721
0.222171 -2.240373 -2.161616
0.104749 -2.348454 -1.025707
-0.015238 -2.399739 0.149481
-0.134851 -2.392265 1.318887
-0.251167 -2.326321 2.438128
-0.361388 -2.204414 3.468552
-0.462938 -2.030987 4.380934
-0.553535 -1.811940 5.157090
-0.631239 -1.554086 5.789325
-0.694470 -1.264619 6.278185
-0.742005 -0.950710 6.629278
-0.772968 -0.619246 6.849956
-0.786805 -0.276748 6.946470
-0.783276 0.070575 6.921983
-0.762443 0.416674 6.775667
-0.724670 0.755458 6.502933
-0.670639 1.080604 6.096788
-0.601367 1.385444 5.550208
-0.518220 1.662954 4.859229
-0.422924 1.905916 4.026302
-0.317562 2.107231 3.063188
-0.204543 2.260390 1.992602
-0.086542 2.360020 0.847915
0.033579 2.402416 -0.329349
0.152876 2.385948 -1.493883
0.268439 2.311254 -2.601876
0.377497 2.181161 -3.615918
0.477515 2.000365 -4.508421
0.566263 1.774944 -5.262886
0.641853 1.511799 -5.873055
0.702760 1.218147 -6.340459
0.747816 0.901124 -6.671185
0.776194 0.567564 -6.872580
0.787391 0.223935 -6.950528
0.781212 -0.123591 -6.907615
0.757763 -0.468972 -6.742396
0.717458 -0.806092 -6.449798
0.661029 -1.128582 -6.022650
0.589544 -1.429714 -5.454181
0.504422 -1.702423 -4.741192
0.407448 -1.939483 -3.887387
0.300756 -2.133852 -2.906135
0.186798 -2.279159 -1.821848
0.068285 -2.370251 -0.669358
-0.051901 -2.403719 0.508918
-0.170814 -2.378273 1.667552
-0.285559 -2.294895 2.763418
-0.393395 -2.156725 3.760434
-0.491831 -1.968703 4.632677
-0.578684 -1.737069 5.365311
-0.652124 -1.468803 5.953454
-0.710681 -1.171131 6.399552
-0.753238 -0.851153 6.710086
-0.779021 -0.515649 6.892339
-0.787572 -0.171032 6.951783
-0.778745 0.176557 6.890410
-0.752691 0.521078 6.706165
-0.709871 0.856386 6.393532
-0.651068 1.176063 5.945218
-0.577402 1.473323 5.354779
-0.490349 1.741062 4.619860
-0.391746 1.972055 3.745486
-0.283780 2.159330 2.746664
-0.168947 2.296663 1.649492
-0.049990 2.379138 0.490194
0.070193 2.403647 -0.688025
0.188655 2.369246 -1.839747
0.302518 2.277259 -2.922642
0.409074 2.131127 -3.902027
0.505876 1.936025 -4.753666
0.590793 1.698342 -5.464361
0.662049 1.425124 -6.030542
0.718229 1.123597 -6.455489
0.758270 0.800822 -6.746006
0.781446 0.463522 0.000000
